Date	serie1	serie2	serie3	serie4	serie5	serie6
07/07/00	11.733	0.350939	0	0	0	0
14/07/00	11.414	0.373778	-0.027564712	0.063049619	0.027564712	0.063049619
21/07/00	12.006	0.406833	0.050565853	0.084740744	0.050565853	0.084740744
28/07/00	12.793	0.421006	0.063491622	0.034244304	0.063491622	0.034244304
04/08/00	13.922	0.426927	0.084572176	0.013965953	0.084572176	0.013965953
11/08/00	14.417	0.432722	0.034937743	0.013482451	0.034937743	0.013482451
18/08/00	14.176	0.423481	-0.016857672	-0.021586841	0.016857672	0.021586841
25/08/00	13.94	0.413242	-0.016787989	-0.024475271	0.016787989	0.024475271
01/09/00	13.667	0.407596	-0.019778237	-0.01375689	0.019778237	0.01375689
08/09/00	13.429	0.409121	-0.01756762	0.003734468	0.01756762	0.003734468
15/09/00	12.778	0.406831	-0.049691605	-0.00561309	0.049691605	0.00561309
22/09/00	12.438	0.40227	-0.026968639	-0.011274361	0.026968639	0.011274361
29/09/00	11.973	0.402054	-0.038102188	-0.000537097	0.038102188	0.000537097
06/10/00	12.065	0.397892	0.007654584	-0.010405796	0.007654584	0.010405796
13/10/00	12.663	0.395538	0.048375656	-0.005933748	0.048375656	0.005933748
20/10/00	13.455	0.390053	0.060666429	-0.013964236	0.060666429	0.013964236
27/10/00	13.422	0.381719	-0.002455632	-0.021597892	0.002455632	0.021597892
03/11/00	13.026	0.386042	-0.029947792	0.011261436	0.029947792	0.011261436
10/11/00	12.744	0.386667	-0.021886788	0.001617686	0.021886788	0.001617686
17/11/00	12.284	0.392449	-0.03676297	0.014842735	0.03676297	0.014842735
24/11/00	12.434	0.400052	0.012137053	0.019187946	0.012137053	0.019187946
01/12/00	12.289	0.394061	-0.011730103	-0.015088819	0.011730103	0.015088819
08/12/00	12.051	0.402335	-0.019556909	0.020779355	0.019556909	0.020779355
15/12/00	11.736	0.414286	-0.026486603	0.029271482	0.026486603	0.029271482
22/12/00	12.255	0.398214	0.043272976	-0.039567007	0.043272976	0.039567007
28/12/00	12.672	0.398571	0.033460818	0.000896101	0.033460818	0.000896101
05/01/01	12.939	0.403505	0.020851171	0.012303229	0.020851171	0.012303229
12/01/01	12.995	0.408462	0.004318662	0.012210008	0.004318662	0.012210008
19/01/01	12.745	0.406872	-0.01942563	-0.003900247	0.01942563	0.003900247
26/01/01	12.343	0.395025	-0.032049937	-0.029549586	0.032049937	0.029549586
02/02/01	12.02	0.370758	-0.026517172	-0.063399495	0.026517172	0.063399495
09/02/01	11.894	0.36975	-0.010537858	-0.002722457	0.010537858	0.002722457
16/02/01	11.505	0.361658	-0.033252348	-0.022128088	0.033252348	0.022128088
23/02/01	11.034	0.348867	-0.041800309	-0.036008253	0.041800309	0.036008253
02/03/01	11.054	0.34098	0.001810939	-0.022866936	0.001810939	0.022866936
09/03/01	11.029	0.342843	-0.002264186	0.005448792	0.002264186	0.005448792
16/03/01	10.906	0.338606	-0.011215071	-0.012435427	0.011215071	0.012435427
23/03/01	11.115	0.33446	0.018982451	-0.012319899	0.018982451	0.012319899
30/03/01	11.526	0.331916	0.036309806	-0.007635366	0.036309806	0.007635366
06/04/01	11.452	0.324608	-0.006440966	-0.022263624	0.006440966	0.022263624
12/04/01	11.583	0.345488	0.011374119	0.06233961	0.011374119	0.06233961
20/04/01	10.956	0.331176	-0.055651255	-0.042307954	0.055651255	0.042307954
27/04/01	11.155	0.316889	0.018000576	-0.044098401	0.018000576	0.044098401
04/05/01	10.928	0.315315	-0.020559525	-0.004979416	0.020559525	0.004979416
11/05/01	10.498	0.310622	-0.04014354	-0.0149954	0.04014354	0.0149954
18/05/01	10.42	0.297026	-0.007457727	-0.044757062	0.007457727	0.044757062
25/05/01	10.366	0.29618	-0.005195817	-0.002852299	0.005195817	0.002852299
01/06/01	9.979	0.284534	-0.038048335	-0.040114623	0.038048335	0.040114623
08/06/01	9.953	0.283866	-0.002608872	-0.002350459	0.002608872	0.002350459
15/06/01	9.602	0.2825	-0.035902603	-0.004823745	0.035902603	0.004823745
22/06/01	10.152	0.279752	0.05569932	-0.009775054	0.05569932	0.009775054
29/06/01	10.268	0.293939	0.011361533	0.049468766	0.011361533	0.049468766
06/07/01	9.476	0.277851	-0.080269977	-0.056287264	0.080269977	0.056287264
13/07/01	9.281	0.268933	-0.020792987	-0.032622721	0.020792987	0.032622721
20/07/01	9.592	0.2744	0.032960118	0.020124618	0.032960118	0.020124618
27/07/01	9.533	0.280325	-0.006169954	0.021362748	0.006169954	0.021362748
03/08/01	9.239	0.278468	-0.031325809	-0.006646493	0.031325809	0.006646493
10/08/01	9.289	0.282389	0.00539725	0.013982402	0.00539725	0.013982402
17/08/01	8.988	0.276375	-0.03294055	-0.021526914	0.03294055	0.021526914
24/08/01	8.82	0.274308	-0.018868484	-0.007507077	0.018868484	0.007507077
31/08/01	8.961	0.268471	0.015859958	-0.021508662	0.015859958	0.021508662
06/09/01	9.078	0.271323	0.012972076	0.010567092	0.012972076	0.010567092
14/09/01	8.813	0.261278	-0.029626	-0.037725019	0.029626	0.037725019
21/09/01	8.327	0.257619	-0.056724657	-0.014103225	0.056724657	0.014103225
28/09/01	8.914	0.26163	0.068119827	0.015449543	0.068119827	0.015449543
05/10/01	8.633	0.259265	-0.032031005	-0.009080587	0.032031005	0.009080587
12/10/01	8.612	0.258489	-0.00243549	-0.002997565	0.00243549	0.002997565
19/10/01	8.715	0.264818	0.011889099	0.024189658	0.011889099	0.024189658
26/10/01	8.74	0.263443	0.002864511	-0.005205772	0.002864511	0.005205772
01/11/01	8.918	0.262509	0.020161517	-0.003551659	0.020161517	0.003551659
09/11/01	9.378	0.278444	0.050294814	0.058931595	0.050294814	0.058931595
16/11/01	9.387	0.286929	0.000959233	0.030017836	0.000959233	0.030017836
23/11/01	9.444	0.285415	0.006053866	-0.005290537	0.006053866	0.005290537
30/11/01	9.524	0.287349	0.008435309	0.006753243	0.008435309	0.006753243
07/12/01	9.992	0.296914	0.047969844	0.03274503	0.047969844	0.03274503
14/12/01	10.202	0.311688	0.020799007	0.048560153	0.020799007	0.048560153
21/12/01	10.679	0.319785	0.045695417	0.025646208	0.045695417	0.025646208
28/12/01	11.039	0.309569	0.033155261	-0.032467887	0.033155261	0.032467887
04/01/02	11.193	0.229827	0.013854126	-0.297854156	0.013854126	0.297854156
11/01/02	10.879	0.226639	-0.028454257	-0.013968409	0.028454257	0.013968409
18/01/02	10.924	0.228319	0.004127878	0.007385331	0.004127878	0.007385331
25/01/02	10.456	0.226611	-0.043786227	-0.007508883	0.043786227	0.007508883
01/02/02	9.921	0.220826	-0.052522254	-0.02585983	0.052522254	0.02585983
08/02/02	9.557	0.2225	-0.037379852	0.007552041	0.037379852	0.007552041
15/02/02	9.523	0.22343	-0.003563945	0.004171064	0.003563945	0.004171064
22/02/02	9.145	0.21905	-0.040502643	-0.019798152	0.040502643	0.019798152
01/03/02	9.166	0.215949	0.002293704	-0.014257746	0.002293704	0.014257746
08/03/02	8.979	0.221277	-0.020612469	0.024373042	0.020612469	0.024373042
15/03/02	9.017	0.22766	0.004223167	0.028437978	0.004223167	0.028437978
22/03/02	9.106	0.228255	0.009821852	0.002610137	0.009821852	0.002610137
28/03/02	9.193	0.22235	0.009508788	-0.026210708	0.009508788	0.026210708
05/04/02	9.298	0.228609	0.011356998	0.027760404	0.011356998	0.027760404
12/04/02	9.044	0.228991	-0.027697769	0.001669581	0.027697769	0.001669581
19/04/02	8.824	0.224635	-0.024626272	-0.019205839	0.024626272	0.019205839
26/04/02	8.603	0.225042	-0.025364302	0.001810189	0.025364302	0.001810189
03/05/02	8.444	0.215588	-0.01865485	-0.042917873	0.01865485	0.042917873
10/05/02	8.47	0.203673	0.003074379	-0.056853412	0.003074379	0.056853412
17/05/02	8.363	0.2004	-0.012713294	-0.016200397	0.012713294	0.016200397
24/05/02	8.21	0.196375	-0.018464291	-0.020289273	0.018464291	0.020289273
31/05/02	8.194	0.188254	-0.001950744	-0.042233982	0.001950744	0.042233982
07/06/02	7.633	0.17249	-0.070921226	-0.087452851	0.070921226	0.087452851
14/06/02	6.96	0.155535	-0.092301478	-0.103468477	0.092301478	0.103468477
21/06/02	6.201	0.137263	-0.115468905	-0.124971993	0.115468905	0.124971993
28/06/02	5.975	0.114346	-0.037126472	-0.182669854	0.037126472	0.182669854
05/07/02	5.858	0.112222	-0.019775849	-0.018749887	0.019775849	0.018749887
12/07/02	6.338	0.139823	0.078755013	0.219898285	0.078755013	0.219898285
19/07/02	7.01	0.142474	0.10077444	0.01878219	0.10077444	0.01878219
26/07/02	7.272	0.142838	0.036693656	0.002551594	0.036693656	0.002551594
02/08/02	7.548	0.126502	0.037251271	-0.121453003	0.037251271	0.121453003
09/08/02	7.62	0.134131	0.009493742	0.058558816	0.009493742	0.058558816
16/08/02	7.454	0.129779	-0.022025569	-0.032983931	0.022025569	0.032983931
23/08/02	7.334	0.13865	-0.016229731	0.066119768	0.016229731	0.066119768
30/08/02	7.462	0.142557	0.017302405	0.027789148	0.017302405	0.027789148
06/09/02	7.019	0.149936	-0.061202717	0.050466617	0.061202717	0.050466617
13/09/02	7.513	0.156901	0.068014096	0.045406497	0.068014096	0.045406497
20/09/02	7.346	0.151138	-0.022478906	-0.037421706	0.022478906	0.037421706
27/09/02	7.201	0.138954	-0.019936042	-0.084050384	0.019936042	0.084050384
04/10/02	8.246	0.144278	0.135508329	0.037599051	0.135508329	0.037599051
11/10/02	8.28	0.14295	0.004114734	-0.009247075	0.004114734	0.009247075
18/10/02	9.307	0.145129	0.116923837	0.015128083	0.116923837	0.015128083
25/10/02	10.475	0.162623	0.118224661	0.113811636	0.118224661	0.113811636
01/11/02	11.236	0.177089	0.070131443	0.085217793	0.070131443	0.085217793
08/11/02	11.377	0.194538	0.012470864	0.093975086	0.012470864	0.093975086
14/11/02	10.808	0.196842	-0.051307173	0.01177386	0.051307173	0.01177386
22/11/02	11.216	0.199209	0.03705473	0.011953148	0.03705473	0.011953148
29/11/02	10.918	0.1899	-0.026928527	-0.047856907	0.026928527	0.047856907
06/12/02	10.549	0.1858	-0.034381735	-0.021826791	0.034381735	0.021826791
13/12/02	10.641	0.1834	0.008683396	-0.013001267	0.008683396	0.013001267
20/12/02	11.456	0.1999	0.073799146	0.086147682	0.073799146	0.086147682
27/12/02	11.364	0.1961	-0.008063146	-0.019192508	0.008063146	0.019192508
03/01/03	11.791	0.2075	0.036886065	0.056506606	0.036886065	0.056506606
10/01/03	12.524	0.239	0.060310275	0.141332212	0.060310275	0.141332212
17/01/03	12.385	0.2471	-0.011160741	0.033329561	0.011160741	0.033329561
24/01/03	11.697	0.2452	-0.057153664	-0.007718909	0.057153664	0.007718909
31/01/03	12.409	0.239	0.059089617	-0.025610652	0.059089617	0.025610652
07/02/03	12.51	0.2479	0.008106309	0.036561887	0.008106309	0.036561887
14/02/03	12.373	0.2382	-0.011011645	-0.039914782	0.011011645	0.039914782
21/02/03	12.569	0.2407	0.015716786	0.010440688	0.015716786	0.010440688
28/02/03	12.695	0.2435	0.00997475	0.011565598	0.00997475	0.011565598
07/03/03	12.931	0.2547	0.018419314	0.044969439	0.018419314	0.044969439
14/03/03	13.038	0.2588	0.008240641	0.015969181	0.008240641	0.015969181
21/03/03	12.997	0.25	-0.003149609	-0.034594645	0.003149609	0.034594645
28/03/03	12.074	0.249	-0.073664181	-0.004008021	0.073664181	0.004008021
04/04/03	12.239	0.2553	0.013573194	0.024986428	0.013573194	0.024986428
11/04/03	12.417	0.262	0.014438927	0.02590518	0.014438927	0.02590518
17/04/03	13.228	0.272	0.063269294	0.037457563	0.063269294	0.037457563
25/04/03	12.701	0.2817	-0.040655065	0.035040609	0.040655065	0.035040609
02/05/03	12.178	0.2805	-0.042049685	-0.00426895	0.042049685	0.00426895
09/05/03	11.76	0.2688	-0.034927103	-0.042606116	0.034927103	0.042606116
16/05/03	10.2	0.2679	-0.142316222	-0.003353832	0.142316222	0.003353832
23/05/03	9.71	0.2315	-0.049231438	-0.146033903	0.049231438	0.146033903
30/05/03	9.1	0.2107	-0.064881869	-0.094144553	0.064881869	0.094144553
06/06/03	9.18	0.2084	0.008752791	-0.010976011	0.008752791	0.010976011
13/06/03	9.03	0.2043	-0.016474837	-0.019869808	0.016474837	0.019869808
20/06/03	8.33	0.1921	-0.080688911	-0.061573432	0.080688911	0.061573432
27/06/03	8.1	0.1803	-0.027999395	-0.06339394	0.027999395	0.06339394
04/07/03	8.12	0.1638	0.002466092	-0.095975959	0.002466092	0.095975959
11/07/03	7.98	0.1607	-0.017391743	-0.019106899	0.017391743	0.019106899
18/07/03	8.09	0.1631	0.01369032	0.014824237	0.01369032	0.014824237
25/07/03	8.6	0.1843	0.061133472	0.122201355	0.061133472	0.122201355
01/08/03	9.18	0.1976	0.065265001	0.069679921	0.065265001	0.069679921
08/08/03	10.11	0.1963	0.096497828	-0.006600684	0.096497828	0.006600684
15/08/03	10	0.2026	-0.01093994	0.031589491	0.01093994	0.031589491
22/08/03	9.98	0.2041	-0.002002003	0.007376478	0.002002003	0.007376478
29/08/03	9.28	0.2069	-0.072721544	0.013625515	0.072721544	0.013625515
05/09/03	8.91	0.2073	-0.040687305	0.001931435	0.040687305	0.001931435
12/09/03	8.44	0.2059	-0.054191933	-0.006776405	0.054191933	0.006776405
19/09/03	7.97	0.191	-0.057297816	-0.075117186	0.057297816	0.075117186
26/09/03	7.42	0.1822	-0.071505436	-0.047168443	0.071505436	0.047168443
03/10/03	7.45	0.1674	0.004034975	-0.084718827	0.004034975	0.084718827
10/10/03	7.71	0.1836	0.034304155	0.09237332	0.034304155	0.09237332
17/10/03	7.44	0.1957	-0.035647339	0.063823396	0.035647339	0.063823396
24/10/03	7.13	0.1951	-0.042559614	-0.003070627	0.042559614	0.003070627
31/10/03	6.88	0.1801	-0.035692582	-0.079999995	0.035692582	0.079999995
07/11/03	7.02	0.185	0.020144566	0.026843573	0.020144566	0.026843573
14/11/03	6.88	0.1931	-0.020144566	0.042852364	0.020144566	0.042852364
21/11/03	7.07	0.1918	0.027241828	-0.006755027	0.027241828	0.006755027
28/11/03	7.13	0.1961	0.008450755	0.022171571	0.008450755	0.022171571
05/12/03	7.27	0.2058	0.019445057	0.04828009	0.019445057	0.04828009
12/12/03	7.32	0.209	0.006854036	0.015429429	0.006854036	0.015429429
19/12/03	7.32	0.2106	0	0.007626348	0	0.007626348
26/12/03	7.33	0.2085	0.001365188	-0.010021558	0.001365188	0.010021558
02/01/04	7.28	0.2107	-0.006844654	0.01049628	0.006844654	0.01049628
09/01/04	7.39	0.2069	0.014996873	-0.018199736	0.014996873	0.018199736
16/01/04	6.98	0.1988	-0.057078818	-0.039936291	0.057078818	0.039936291
23/01/04	6.54	0.1793	-0.065111751	-0.103238914	0.065111751	0.103238914
30/01/04	6.07	0.1814	-0.07457856	0.011644157	0.07457856	0.011644157
06/02/04	6.22	0.1652	0.024411302	-0.093547677	0.024411302	0.093547677
13/02/04	6.26	0.1276	0.006410278	-0.25825649	0.006410278	0.25825649
20/02/04	6.03	0.1085	-0.037433174	-0.162150198	0.037433174	0.162150198
27/02/04	6.26	0.1232	0.037433174	0.127058878	0.037433174	0.127058878
05/03/04	6.5	0.1227	0.037621992	-0.004066699	0.037621992	0.004066699
12/03/04	6.94	0.1121	0.065499598	-0.090351022	0.065499598	0.090351022
19/03/04	7.59	0.1135	0.089529817	0.012411507	0.089529817	0.012411507
26/03/04	8.74	0.1176	0.141078598	0.035486199	0.141078598	0.035486199
02/04/04	9.77	0.1463	0.111406276	0.218370273	0.111406276	0.218370273
08/04/04	10.05	0.1557	0.028256168	0.062271771	0.028256168	0.062271771
16/04/04	9.86	0.1463	-0.019086466	-0.062271771	0.019086466	0.062271771
23/04/04	9.58	0.1329	-0.028808577	-0.096062342	0.028808577	0.096062342
30/04/04	8.29	0.1371	-0.144627623	0.031113621	0.144627623	0.031113621
07/05/04	7.5	0.1368	-0.100146949	-0.002190581	0.100146949	0.002190581
14/05/04	7.08	0.1398	-0.057629113	0.021692825	0.057629113	0.021692825
21/05/04	6.71	0.1594	-0.053674957	0.131203937	0.053674957	0.131203937
28/05/04	7.43	0.1773	0.101926908	0.106426447	0.101926908	0.106426447
04/06/04	8.13	0.1717	0.090035065	-0.032094445	0.090035065	0.032094445
11/06/04	8.59	0.1714	0.055037812	-0.001748762	0.055037812	0.001748762
18/06/04	8.68	0.1695	0.010422793	-0.011147079	0.010422793	0.011147079
25/06/04	8.68	0.1725	0	0.01754431	0	0.01754431
02/07/04	8.7	0.1753	0.002301497	0.016101555	0.002301497	0.016101555
08/07/04	8.83	0.1783	0.014831989	0.016968733	0.014831989	0.016968733
16/07/04	9.27	0.1885	0.048628365	0.055630482	0.048628365	0.055630482
23/07/04	9.37	0.2145	0.010729717	0.129211731	0.010729717	0.129211731
30/07/04	9.67	0.2159	0.031515213	0.006505599	0.031515213	0.006505599
06/08/04	9.9	0.2163	0.023506448	0.001850995	0.023506448	0.001850995
13/08/04	10.03	0.2171	0.013045845	0.003691744	0.013045845	0.003691744
20/08/04	10.19	0.2175	0.015826245	0.001840774	0.015826245	0.001840774
27/08/04	10.07	0.2174	-0.011846141	-0.000459876	0.011846141	0.000459876
03/09/04	10.16	0.2177	0.008897735	0.001378994	0.008897735	0.001378994
10/09/04	10.17	0.2215	0.000983768	0.017304621	0.000983768	0.017304621
17/09/04	9.96	0.2236	-0.020865138	0.009436152	0.020865138	0.009436152
24/09/04	9.73	0.2371	-0.023363175	0.058623252	0.023363175	0.058623252
01/10/04	9.61	0.2522	-0.012409673	0.06174043	0.012409673	0.06174043
08/10/04	9.64	0.2663	0.003116886	0.054401069	0.003116886	0.054401069
15/10/04	9.63	0.2707	-0.001037883	0.016387704	0.001037883	0.016387704
22/10/04	9.67	0.2829	0.004145084	0.044082282	0.004145084	0.044082282
29/10/04	9.93	0.2881	0.026532169	0.018214164	0.026532169	0.018214164
05/11/04	10.1	0.2963	0.016974946	0.028064812	0.016974946	0.028064812
12/11/04	10.58	0.2995	0.046430003	0.010741963	0.046430003	0.010741963
19/11/04	10.9	0.303	0.029797363	0.011618388	0.029797363	0.011618388
26/11/04	11.55	0.3019	0.057922648	-0.003636969	0.057922648	0.003636969
03/12/04	11.85	0.2891	0.025642431	-0.043323188	0.025642431	0.043323188
10/12/04	11.59	0.2811	-0.02218521	-0.028062171	0.02218521	0.028062171
17/12/04	11.54	0.2789	-0.004323396	-0.007857183	0.004323396	0.007857183
23/12/04	11.28	0.2788	-0.022788015	-0.000358616	0.022788015	0.000358616
30/12/04	11.26	0.2824	-0.001774623	0.012829827	0.001774623	0.012829827
07/01/05	11.01	0.2825	-0.022452672	0.000354045	0.022452672	0.000354045
14/01/05	10.93	0.2823	-0.007292649	-0.000708215	0.007292649	0.000708215
21/01/05	10.82	0.2846	-0.010115029	0.00811435	0.010115029	0.00811435
28/01/05	10.8	0.2849	-0.001850139	0.001053556	0.001850139	0.001053556
04/02/05	11	0.2933	0.018349139	0.029057734	0.018349139	0.029057734
11/02/05	11.04	0.2929	0.003629768	-0.001364722	0.003629768	0.001364722
18/02/05	11.14	0.2977	0.009017194	0.016255014	0.009017194	0.016255014
25/02/05	11.11	0.2936	-0.002696631	-0.013867971	0.002696631	0.013867971
04/03/05	11.11	0.2908	0	-0.009582551	0	0.009582551
11/03/05	11.45	0.286	0.030144126	-0.016643935	0.030144126	0.016643935
18/03/05	12.84	0.2835	0.114575568	-0.008779688	0.114575568	0.008779688
24/03/05	13.55	0.2837	0.053821249	0.000705219	0.053821249	0.000705219
01/04/05	14.16	0.2885	0.044034541	0.016777744	0.044034541	0.016777744
08/04/05	14.44	0.2968	0.019581045	0.028363425	0.019581045	0.028363425
15/04/05	12.92	0.2942	-0.111225635	-0.008798703	0.111225635	0.008798703
22/04/05	12.22	0.2791	-0.055702545	-0.052689668	0.055702545	0.052689668
29/04/05	10.82	0.2703	-0.12167768	-0.032037687	0.12167768	0.032037687
06/05/05	10.99	0.2434	0.015589495	-0.104826273	0.015589495	0.104826273
13/05/05	10.67	0.2325	-0.029549703	-0.045815956	0.029549703	0.045815956
20/05/05	10.47	0.2332	-0.01892204	0.003006229	0.01892204	0.003006229
27/05/05	10.65	0.2398	0.017045867	0.027908788	0.017045867	0.027908788
03/06/05	10.57	0.2383	-0.007540092	-0.006274858	0.007540092	0.006274858
10/06/05	10.45	0.233	-0.011417821	-0.022491931	0.011417821	0.022491931
17/06/05	10.84	0.2423	0.036641018	0.039138174	0.036641018	0.039138174
24/06/05	11.16	0.2508	0.029092961	0.034479181	0.029092961	0.034479181
01/07/05	11.85	0.2777	0.059991911	0.101885586	0.059991911	0.101885586
08/07/05	12.07	0.2825	0.018395168	0.017137156	0.018395168	0.017137156
15/07/05	12.59	0.2909	0.042179813	0.029301015	0.042179813	0.029301015
22/07/05	12.31	0.2886	-0.022490908	-0.007937919	0.022490908	0.007937919
29/07/05	12.57	0.2734	0.020901082	-0.054105722	0.020901082	0.054105722
05/08/05	13.05	0.2836	0.037475111	0.03662887	0.037475111	0.03662887
12/08/05	12.96	0.2819	-0.006920443	-0.006012397	0.006920443	0.006012397
19/08/05	12.55	0.2769	-0.032147025	-0.017895968	0.032147025	0.017895968
26/08/05	12.76	0.2732	0.016594612	-0.013452302	0.016594612	0.013452302
02/09/05	13.24	0.2785	0.036927273	0.019213932	0.036927273	0.019213932
09/09/05	13.52	0.287	0.02092752	0.030064156	0.02092752	0.030064156
16/09/05	13.78	0.3092	0.019048195	0.074506101	0.019048195	0.074506101
23/09/05	14.31	0.3462	0.037740328	0.113028326	0.037740328	0.113028326
30/09/05	14.64	0.3596	0.022798915	0.03797566	0.022798915	0.03797566
07/10/05	14.73	0.3632	0.006128722	0.009961344	0.006128722	0.009961344
14/10/05	15.02	0.3721	0.019496416	0.024208989	0.019496416	0.024208989
21/10/05	15.05	0.3687	0.001995345	-0.00917933	0.001995345	0.00917933
28/10/05	15.15	0.3569	0.006622541	-0.032527675	0.006622541	0.032527675
04/11/05	15.64	0.3631	0.031831203	0.017222648	0.031831203	0.017222648
11/11/05	15.97	0.3712	0.020880227	0.022062722	0.020880227	0.022062722
18/11/05	15.39	0.3663	-0.036994014	-0.013288331	0.036994014	0.013288331
25/11/05	15.15	0.3662	-0.015717416	-0.000273038	0.015717416	0.000273038
02/12/05	15.28	0.3909	0.008544252	0.065272141	0.008544252	0.065272141
09/12/05	16.16	0.4196	0.055994269	0.070850104	0.055994269	0.070850104
16/12/05	16.84	0.4221	0.041217956	0.005940376	0.041217956	0.005940376
23/12/05	18.67	0.4246	0.103160949	0.005905296	0.103160949	0.005905296
29/12/05	19.6	0.4312	0.048611609	0.01542447	0.048611609	0.01542447
06/01/06	20.95	0.4487	0.06660908	0.039782493	0.06660908	0.039782493
13/01/06	21.01	0.4501	0.002859868	0.003115267	0.002859868	0.003115267
20/01/06	20.91	0.4393	-0.004771001	-0.024287229	0.004771001	0.024287229
27/01/06	21.75	0.4528	0.039386244	0.030267976	0.039386244	0.030267976
03/02/06	22.61	0.4579	0.038778529	0.011200293	0.038778529	0.011200293
10/02/06	23.68	0.4764	0.046238524	0.039607018	0.046238524	0.039607018
17/02/06	24.66	0.5025	0.040551688	0.053337802	0.040551688	0.053337802
24/02/06	24.67	0.539	0.000405433	0.070119931	0.000405433	0.070119931
03/03/06	25.4	0.568	0.029161243	0.052405848	0.029161243	0.052405848
10/03/06	24.66	0.5748	-0.029566676	0.011900735	0.029566676	0.011900735
17/03/06	24.39	0.5786	-0.011009286	0.006589238	0.011009286	0.006589238
24/03/06	23.12	0.5623	-0.053475168	-0.028575877	0.053475168	0.028575877
31/03/06	23.07	0.5461	-0.002164972	-0.029233406	0.002164972	0.029233406
07/04/06	23.59	0.542	0.022289821	-0.007536108	0.022289821	0.007536108
13/04/06	23.96	0.5236	0.01556288	-0.034537967	0.01556288	0.034537967
20/04/06	24.02	0.4914	0.002501043	-0.063469574	0.002501043	0.063469574
28/04/06	23.79	0.4293	-0.009621492	-0.135102485	0.009621492	0.135102485
05/05/06	23.98	0.4145	0.007954825	-0.035083001	0.007954825	0.035083001
12/05/06	22.31	0.41	-0.072185141	-0.010915815	0.072185141	0.010915815
19/05/06	21.67	0.3841	-0.029106193	-0.065254224	0.029106193	0.065254224
26/05/06	21.78	0.3649	0.005063302	-0.051279592	0.005063302	0.051279592
02/06/06	21.61	0.3681	-0.007835947	0.008731297	0.007835947	0.008731297
09/06/06	21.94	0.3769	0.015155284	0.02362526	0.015155284	0.02362526
16/06/06	22	0.3735	0.002730999	-0.009061896	0.002730999	0.009061896
23/06/06	22.31	0.3825	0.013992555	0.023810649	0.013992555	0.023810649
30/06/06	23.29	0.3976	0.042989075	0.038717822	0.042989075	0.038717822
07/07/06	23.24	0.4109	-0.002149152	0.032903401	0.002149152	0.032903401
14/07/06	22.73	0.4135	-0.022189294	0.006307639	0.022189294	0.006307639
21/07/06	22.93	0.4147	0.008760459	0.002897853	0.008760459	0.002897853
28/07/06	22.44	0.4091	-0.021601016	-0.013595742	0.021601016	0.013595742
04/08/06	21.87	0.4046	-0.025729246	-0.0110607	0.025729246	0.0110607
11/08/06	21.45	0.3921	-0.019391189	-0.031382015	0.019391189	0.031382015
18/08/06	19.89	0.3677	-0.075507553	-0.064249521	0.075507553	0.064249521
25/08/06	18.93	0.3665	-0.049469128	-0.003268867	0.049469128	0.003268867
01/09/06	18.31	0.3611	-0.033300607	-0.014843593	0.033300607	0.014843593
08/09/06	17.71	0.3587	-0.033317907	-0.006668544	0.033317907	0.006668544
15/09/06	17.53	0.3488	-0.010215753	-0.027987693	0.010215753	0.027987693
22/09/06	17.2	0.3429	-0.019004315	-0.017059833	0.019004315	0.017059833
29/09/06	17.41	0.3439	0.01213537	0.002912058	0.01213537	0.002912058
06/10/06	17.23	0.3525	-0.010392703	0.024699705	0.010392703	0.024699705
13/10/06	17.41	0.3528	0.010392703	0.000850702	0.010392703	0.000850702
20/10/06	17.39	0.355	-0.001149425	0.006216465	0.001149425	0.006216465
27/10/06	17.36	0.354	-0.001726619	-0.002820876	0.001726619	0.002820876
03/11/06	17.16	0.3541	-0.011587615	0.000282446	0.011587615	0.000282446
10/11/06	16.88	0.354	-0.016451605	-0.000282446	0.016451605	0.000282446
17/11/06	16.82	0.3471	-0.003560835	-0.01968399	0.003560835	0.01968399
24/11/06	16.79	0.3448	-0.001785183	-0.006648384	0.001785183	0.006648384
01/12/06	16.82	0.3431	0.001785183	-0.004942589	0.001785183	0.004942589
08/12/06	17.06	0.3508	0.014167888	0.022194311	0.014167888	0.022194311
15/12/06	17.19	0.3578	0.007591277	0.019757911	0.007591277	0.019757911
22/12/06	17.19	0.3741	0	0.04454897	0	0.04454897
28/12/06	17.24	0.3936	0.002904446	0.050812024	0.002904446	0.050812024
05/01/07	17.02	0.4053	-0.012843142	0.029292368	0.012843142	0.029292368
12/01/07	17.32	0.3983	0.01747278	-0.017422043	0.01747278	0.017422043
19/01/07	17.33	0.395	0.000577201	-0.008319725	0.000577201	0.008319725
26/01/07	17.14	0.3904	-0.011024191	-0.01171391	0.011024191	0.01171391
02/02/07	16.94	0.3834	-0.011737224	-0.018093024	0.011737224	0.018093024
09/02/07	16.64	0.3737	-0.017868254	-0.025625494	0.017868254	0.025625494
16/02/07	16.51	0.3866	-0.007843177	0.03393723	0.007843177	0.03393723
23/02/07	16.63	0.3918	0.007242035	0.013360939	0.007242035	0.013360939
02/03/07	16.32	0.3834	-0.018816944	-0.021672675	0.018816944	0.021672675
09/03/07	16.51	0.3869	0.011574908	0.009087431	0.011574908	0.009087431
16/03/07	16.61	0.4005	0.006038666	0.034547505	0.006038666	0.034547505
23/03/07	16.82	0.4351	0.012563731	0.082862123	0.012563731	0.082862123
30/03/07	16.81	0.4683	-0.000594707	0.073533226	0.000594707	0.073533226
05/04/07	17.13	0.4661	0.018857365	-0.004708913	0.018857365	0.004708913
13/04/07	16.96	0.4647	-0.009973682	-0.003008167	0.009973682	0.003008167
20/04/07	16.47	0.4737	-0.029317086	0.019182174	0.029317086	0.019182174
27/04/07	15.98	0.452	-0.030202604	-0.04689203	0.030202604	0.04689203
04/05/07	15.25	0.4282	-0.046758437	-0.054091804	0.046758437	0.054091804
11/05/07	14.43	0.3709	-0.05527013	-0.143657892	0.05527013	0.143657892
18/05/07	14.16	0.3443	-0.018888285	-0.074419114	0.018888285	0.074419114
25/05/07	13.82	0.3115	-0.02430427	-0.100114032	0.02430427	0.100114032
01/06/07	13.83	0.3096	0.000723327	-0.006118197	0.000723327	0.006118197
08/06/07	13.17	0.3057	-0.04889863	-0.012676913	0.04889863	0.012676913
15/06/07	12.98	0.3048	-0.014531804	-0.002948405	0.014531804	0.002948405
22/06/07	12.47	0.302	-0.040083952	-0.009228806	0.040083952	0.009228806
29/06/07	12.42	0.2972	-0.004017683	-0.016021705	0.004017683	0.016021705
06/07/07	12.59	0.3025	0.013594772	0.017675965	0.013594772	0.017675965
13/07/07	12.96	0.3092	0.028964843	0.021907039	0.028964843	0.021907039
20/07/07	13.23	0.3146	0.020619287	0.017313674	0.020619287	0.017313674
27/07/07	13.1	0.3153	-0.009874748	0.002222576	0.009874748	0.002222576
03/08/07	13.3	0.3132	0.015151805	-0.006682602	0.015151805	0.006682602
10/08/07	13.06	0.3039	-0.018209911	-0.030143264	0.018209911	0.030143264
17/08/07	12.36	0.2862	-0.055088672	-0.060007833	0.055088672	0.060007833
24/08/07	12.89	0.2888	0.041986365	0.00904354	0.041986365	0.00904354
31/08/07	12.82	0.2948	-0.005445365	0.020562753	0.005445365	0.020562753
06/09/07	13.03	0.2975	0.01624794	0.009117065	0.01624794	0.009117065
14/09/07	13.31	0.3027	0.021261241	0.017327991	0.021261241	0.017327991
21/09/07	13.44	0.3078	0.009719703	0.016708005	0.009719703	0.016708005
28/09/07	13.37	0.3142	-0.005221944	0.020579504	0.005221944	0.020579504
05/10/07	13.22	0.3187	-0.011282557	0.014220496	0.011282557	0.014220496
11/10/07	13.27	0.3203	0.003775014	0.005007835	0.003775014	0.005007835
19/10/07	13.15	0.3186	-0.00908409	-0.005321659	0.00908409	0.005321659
26/10/07	13.35	0.3261	0.015094626	0.023267685	0.015094626	0.023267685
01/11/07	13.5	0.3625	0.011173301	0.105820391	0.011173301	0.105820391
09/11/07	13.28	0.4113	-0.016430541	0.126298401	0.016430541	0.126298401
16/11/07	13.21	0.4258	-0.005285026	0.034646877	0.005285026	0.034646877
23/11/07	12.83	0.4218	-0.02918794	-0.009438484	0.02918794	0.009438484
30/11/07	13	0.4171	0.013163179	-0.011205267	0.013163179	0.011205267
07/12/07	13.34	0.4233	0.025817683	0.014755146	0.025817683	0.014755146
14/12/07	13.21	0.4244	-0.009792922	0.002595259	0.009792922	0.002595259
21/12/07	13.25	0.4128	0.003023434	-0.027713193	0.003023434	0.027713193
28/12/07	13.46	0.4165	0.015724772	0.008923247	0.015724772	0.008923247
04/01/08	13.76	0.4166	0.022043508	0.000240067	0.022043508	0.000240067
11/01/08	14.03	0.4046	0.019432062	-0.029227604	0.019432062	0.029227604
18/01/08	14.1	0.3934	0.004976903	-0.028072019	0.004976903	0.028072019
25/01/08	14.41	0.3772	0.021747613	-0.042051355	0.021747613	0.042051355
01/02/08	14.89	0.3804	0.032767437	0.00844778	0.032767437	0.00844778
08/02/08	14.65	0.3826	-0.016249511	0.005766726	0.016249511	0.005766726
15/02/08	14.85	0.4043	0.01355953	0.05516712	0.01355953	0.05516712
22/02/08	15.47	0.4261	0.040902799	0.052516884	0.040902799	0.052516884
29/02/08	15.77	0.445	0.019206736	0.043400222	0.019206736	0.043400222
07/03/08	16.07	0.4501	0.018844779	0.011395498	0.018844779	0.011395498
14/03/08	15.97	0.4478	-0.006242218	-0.005123076	0.006242218	0.005123076
20/03/08	15.98	0.4442	0.000625978	-0.008071793	0.000625978	0.008071793
28/03/08	16.08	0.4288	0.006238323	-0.035284302	0.006238323	0.035284302
04/04/08	16.45	0.4169	0.022749213	-0.028144225	0.022749213	0.028144225
11/04/08	16.69	0.4131	0.01448426	-0.00915669	0.01448426	0.00915669
18/04/08	16.93	0.4169	0.014277458	0.00915669	0.014277458	0.00915669
25/04/08	16.78	0.4358	-0.008899495	0.044337038	0.008899495	0.044337038
02/05/08	16.66	0.4568	-0.007177064	0.047062236	0.007177064	0.047062236
09/05/08	15.94	0.447	-0.044178963	-0.021687064	0.044178963	0.021687064
16/05/08	16.15	0.4199	0.013088376	-0.062542007	0.013088376	0.062542007
23/05/08	15.92	0.3989	-0.014343869	-0.051305829	0.014343869	0.051305829
30/05/08	16.06	0.3874	0.008755528	-0.029253008	0.008755528	0.029253008
06/06/08	15.95	0.3881	-0.006872879	0.001805287	0.006872879	0.001805287
13/06/08	15.95	0.3903	0	0.005652636	0	0.005652636
20/06/08	16.21	0.4207	0.016169507	0.075004316	0.016169507	0.075004316
27/06/08	16.43	0.4517	0.013480596	0.071098252	0.013480596	0.071098252
04/07/08	16.43	0.4448	0	-0.0153935	0	0.0153935
11/07/08	16.91	0.4503	0.028796231	0.012289284	0.028796231	0.012289284
18/07/08	17.27	0.4551	0.021065729	0.010603148	0.021065729	0.010603148
25/07/08	17.77	0.4541	0.02854075	-0.002199737	0.02854075	0.002199737
01/08/08	18.09	0.4454	0.017847657	-0.019344683	0.017847657	0.019344683
08/08/08	17.8	0.4385	-0.016160842	-0.015612943	0.016160842	0.015612943
15/08/08	17.55	0.4379	-0.014144507	-0.001369238	0.014144507	0.001369238
22/08/08	18.11	0.4563	0.031410322	0.041159914	0.031410322	0.041159914
29/08/08	18.34	0.4531	0.012620195	-0.007037636	0.012620195	0.007037636
05/09/08	17.82	0.4389	-0.028763045	-0.031841255	0.028763045	0.031841255
12/09/08	17.37	0.4178	-0.025576842	-0.049268748	0.025576842	0.049268748
19/09/08	16.88	0.4097	-0.028615091	-0.019577665	0.028615091	0.019577665
26/09/08	16.77	0.4185	-0.006537913	0.021251705	0.006537913	0.021251705
03/10/08	15.25	0.3884	-0.095012073	-0.074641154	0.095012073	0.074641154
10/10/08	13.47	0.3379	-0.124114513	-0.139285743	0.124114513	0.139285743
17/10/08	14.74	0.3451	0.090099896	0.021084236	0.090099896	0.021084236
24/10/08	13.29	0.3128	-0.103553014	-0.098270221	0.103553014	0.098270221
31/10/08	14.34	0.3157	0.076040962	0.009228387	0.076040962	0.009228387
07/11/08	14.21	0.3171	-0.009106893	0.004424786	0.009106893	0.004424786
14/11/08	13.52	0.3225	-0.049775871	0.016885955	0.049775871	0.016885955
21/11/08	12.47	0.3229	-0.080844311	0.001239542	0.080844311	0.001239542
28/11/08	13.27	0.3208	0.062180089	-0.006524802	0.062180089	0.006524802
05/12/08	12.45	0.3017	-0.063785225	-0.06138473	0.063785225	0.06138473
12/12/08	13.31	0.3038	0.066795009	0.006936444	0.066795009	0.006936444
19/12/08	13.78	0.3124	0.034702633	0.027914828	0.034702633	0.027914828
26/12/08	13.82	0.3103	0.002898553	-0.006744847	0.002898553	0.006744847
02/01/09	14.16	0.319	0.02430427	0.027651531	0.02430427	0.027651531
09/01/09	14.88	0.3416	0.049596941	0.068449359	0.049596941	0.068449359
16/01/09	15.52	0.3328	0.042111485	-0.026098753	0.042111485	0.026098753
23/01/09	16.72	0.3435	0.074476093	0.031645403	0.074476093	0.031645403
30/01/09	17.89	0.3495	0.06763629	0.01731645	0.06763629	0.01731645
06/02/09	19.42	0.3572	0.082061565	0.021792287	0.082061565	0.021792287
13/02/09	19.91	0.3454	0.024918655	-0.033592683	0.024918655	0.033592683
20/02/09	19.43	0.3112	-0.024403855	-0.104267373	0.024403855	0.104267373
27/02/09	19.79	0.3007	0.018358496	-0.034322702	0.018358496	0.034322702
06/03/09	20.32	0.2891	0.026428863	-0.039340441	0.026428863	0.039340441
13/03/09	21.44	0.2916	0.053652713	0.008610351	0.053652713	0.008610351
20/03/09	21.85	0.2824	0.018942585	-0.032058495	0.018942585	0.032058495
27/03/09	20.41	0.263	-0.068175945	-0.071170473	0.068175945	0.071170473
03/04/09	21.34	0.2486	0.044558269	-0.056308853	0.044558269	0.056308853
09/04/09	21.54	0.2642	0.009328426	0.060861213	0.009328426	0.060861213
17/04/09	21.34	0.3066	-0.009328426	0.148837574	0.009328426	0.148837574
24/04/09	20.91	0.3092	-0.020355732	0.00844435	0.020355732	0.00844435
30/04/09	20.86	0.268	-0.002394064	-0.143001336	0.002394064	0.143001336
08/05/09	21.85	0.2738	0.046367472	0.021410932	0.046367472	0.021410932
22/05/09	21.88	0.2897	0.001372056	0.056447992	0.001372056	0.056447992
29/05/09	22.37	0.2928	0.022147798	0.010643877	0.022147798	0.010643877
05/06/09	22.36	0.2983	-0.000447127	0.018609909	0.000447127	0.018609909
12/06/09	22.14	0.3039	-0.009887721	0.018599008	0.009887721	0.018599008
19/06/09	20.79	0.3097	-0.062913825	0.018905387	0.062913825	0.018905387
26/06/09	21.17	0.3269	0.018112983	0.054050227	0.018112983	0.054050227
03/07/09	21.13	0.3556	-0.001891254	0.08415219	0.001891254	0.08415219
10/07/09	20.51	0.3658	-0.02978126	0.028280232	0.02978126	0.028280232
17/07/09	21.49	0.3678	0.046675139	0.005452576	0.046675139	0.005452576
24/07/09	22	0.3622	0.023454743	-0.015342767	0.023454743	0.015342767
31/07/09	22.49	0.385	0.022028313	0.061046789	0.022028313	0.061046789
07/08/09	23.2	0.3891	0.031081513	0.010593046	0.031081513	0.010593046
14/08/09	24.01	0.3829	0.034318132	-0.016062522	0.034318132	0.016062522
21/08/09	25.63	0.3981	0.06529313	0.038929372	0.06529313	0.038929372
28/08/09	26.87	0.4062	0.047246882	0.020142419	0.047246882	0.020142419
04/09/09	29.28	0.3969	0.085894266	-0.023161289	0.085894266	0.023161289
11/09/09	30.24	0.4311	0.032260862	0.082655722	0.032260862	0.082655722
18/09/09	31.1	0.4362	0.028042268	0.011760772	0.028042268	0.011760772
25/09/09	31.66	0.4726	0.017846235	0.080148511	0.017846235	0.080148511
02/10/09	32.32	0.5022	0.020632179	0.060749082	0.020632179	0.060749082
09/10/09	32.84	0.515	0.015961051	0.025168454	0.015961051	0.025168454
16/10/09	33.4	0.5463	0.016908615	0.059001375	0.016908615	0.059001375
23/10/09	33.57	0.5558	0.005076911	0.017240242	0.005076911	0.017240242
30/10/09	32.71	0.5544	-0.025951969	-0.002522069	0.025951969	0.002522069
06/11/09	33.18	0.5478	0.014266443	-0.011976191	0.014266443	0.011976191
13/11/09	32.95	0.5537	-0.006956024	0.010712767	0.006956024	0.010712767
20/11/09	31.94	0.5421	-0.031132118	-0.021172538	0.031132118	0.021172538
27/11/09	31.83	0.5344	-0.003449901	-0.014305864	0.003449901	0.014305864
04/12/09	32.47	0.5416	0.019907345	0.013383099	0.019907345	0.013383099
11/12/09	32.68	0.5499	0.006446684	0.015208722	0.006446684	0.015208722
18/12/09	33.43	0.5808	0.02269043	0.05467002	0.02269043	0.05467002
23/12/09	35.39	0.6139	0.056975594	0.055425585	0.056975594	0.055425585
30/12/09	37.01	0.6324	0.044758852	0.029690057	0.044758852	0.029690057
08/01/10	41.02	0.6736	0.102871606	0.063114358	0.102871606	0.063114358
15/01/10	40.38	0.6771	-0.01572514	0.00518251	0.01572514	0.00518251
22/01/10	39.71	0.6738	-0.016731568	-0.004885642	0.016731568	0.004885642
29/01/10	38.34	0.6439	-0.035109308	-0.045389896	0.035109308	0.045389896
05/02/10	38.35	0.624	0.00026079	-0.031393066	0.00026079	0.031393066
12/02/10	38.93	0.6051	0.015010634	-0.030756635	0.015010634	0.030756635
19/02/10	40.36	0.6	0.036074034	-0.008464078	0.036074034	0.008464078
26/02/10	40.26	0.5475	-0.002480775	-0.091567194	0.002480775	0.091567194
05/03/10	40.17	0.5225	-0.002237972	-0.046737478	0.002237972	0.046737478
12/03/10	39.3	0.4662	-0.021895929	-0.114010257	0.021895929	0.114010257
19/03/10	38.45	0.4583	-0.021865823	-0.017090735	0.021865823	0.017090735
26/03/10	37	0.4201	-0.038440783	-0.087031213	0.038440783	0.087031213
01/04/10	37.98	0.4311	0.026141793	0.025847304	0.026141793	0.025847304
09/04/10	38.16	0.5167	0.004728141	0.181122354	0.004728141	0.181122354
16/04/10	37.54	0.4743	-0.016380815	-0.085622402	0.016380815	0.085622402
23/04/10	35.15	0.4337	-0.065782413	-0.089486982	0.065782413	0.089486982
30/04/10	31.16	0.4242	-0.120489397	-0.022148009	0.120489397	0.022148009
07/05/10	25.63	0.4061	-0.195371681	-0.043605607	0.195371681	0.043605607
14/05/10	23.43	0.4074	-0.089746288	0.003196069	0.089746288	0.003196069
21/05/10	21.87	0.3922	-0.068901418	-0.03802359	0.068901418	0.03802359
28/05/10	22.88	0.3845	0.045147332	-0.019828125	0.045147332	0.019828125
04/06/10	21.7	0.3843	-0.052950906	-0.000520291	0.052950906	0.000520291
11/06/10	22.27	0.3811	0.025928221	-0.00836169	0.025928221	0.00836169
18/06/10	22.76	0.4123	0.021764128	0.078689432	0.021764128	0.078689432
25/06/10	22.67	0.4165	-0.003962145	0.010135222	0.003962145	0.010135222
02/07/10	22.66	0.4117	-0.000441209	-0.011591533	0.000441209	0.011591533
08/07/10	22.75	0.4358	0.00396389	0.056888494	0.00396389	0.056888494
16/07/10	22.81	0.4665	0.002633891	0.068074598	0.002633891	0.068074598
23/07/10	23.38	0.4626	0.02468192	-0.00839527	0.02468192	0.00839527
30/07/10	24.56	0.4637	0.049238147	0.002375042	0.049238147	0.002375042
06/08/10	25.33	0.4788	0.030870361	0.032045182	0.030870361	0.032045182
13/08/10	25.81	0.4751	0.01877255	-0.007757665	0.01877255	0.007757665
20/08/10	27.16	0.4761	0.050983289	0.002102608	0.050983289	0.002102608
27/08/10	27.67	0.4718	0.018603491	-0.009072749	0.018603491	0.009072749
03/09/10	29.16	0.4788	0.052449113	0.014727807	0.052449113	0.014727807
10/09/10	30.19	0.494	0.034712837	0.031252544	0.034712837	0.031252544
17/09/10	33.57	0.5075	0.106122067	0.026961194	0.106122067	0.026961194
24/09/10	36.34	0.5306	0.079286252	0.044511731	0.079286252	0.044511731
01/10/10	40.08	0.5729	0.097958394	0.07670274	0.097958394	0.07670274
08/10/10	42.82	0.5825	0.066127826	0.016618004	0.066127826	0.016618004
15/10/10	43.21	0.5889	0.009066667	0.010927205	0.009066667	0.010927205
22/10/10	42.93	0.5793	-0.006501068	-0.016435912	0.006501068	0.016435912
29/10/10	43.76	0.574	0.019149276	-0.009191082	0.019149276	0.009191082
05/11/10	44.52	0.5816	0.017218368	0.01315353	0.017218368	0.01315353
12/11/10	43.55	0.5815	-0.022028823	-0.000171954	0.022028823	0.000171954
19/11/10	43.54	0.5803	-0.000229647	-0.002065761	0.000229647	0.002065761
26/11/10	44.02	0.6024	0.01096402	0.037376465	0.01096402	0.037376465
03/12/10	44.8	0.6177	0.017564063	0.025081226	0.017564063	0.025081226
10/12/10	43.71	0.6296	-0.024631231	0.019081794	0.024631231	0.019081794
17/12/10	43.88	0.6347	0.003881727	0.008067749	0.003881727	0.008067749
23/12/10	44.77	0.6422	0.020079637	0.011747335	0.020079637	0.011747335
30/12/10	45.87	0.6594	0.024273036	0.026430549	0.024273036	0.026430549
28/01/11	45.24	0.6598	-0.013829657	0.000606428	0.013829657	0.000606428
04/02/11	45.92	0.6661	0.014919101	0.009503051	0.014919101	0.009503051
11/02/11	45.51	0.6862	-0.00896867	0.029729321	0.00896867	0.029729321
18/02/11	44.81	0.7135	-0.015500753	0.039013306	0.015500753	0.039013306
04/03/11	44.21	0.8091	-0.013480321	0.125740082	0.013480321	0.125740082
11/03/11	43.05	0.8279	-0.026588777	0.022969855	0.026588777	0.022969855
18/03/11	42.1	0.8938	-0.02231449	0.076589662	0.02231449	0.076589662
25/03/11	41.84	0.9822	-0.006194921	0.094312917	0.006194921	0.094312917
01/04/11	42.04	0.8903	0.004768726	-0.098236469	0.004768726	0.098236469
08/04/11	42.68	0.867	0.01510888	-0.026519508	0.01510888	0.026519508
15/04/11	42.1	0.8736	-0.013682686	0.007583628	0.013682686	0.007583628
20/04/11	41.87	0.9228	-0.005478161	0.054789921	0.005478161	0.054789921
29/04/11	40.56	0.8503	-0.031787221	-0.081823298	0.031787221	0.081823298
06/05/11	38.89	0.6647	-0.042045211	-0.246253417	0.042045211	0.246253417
13/05/11	37.35	0.5975	-0.040404237	-0.106581527	0.040404237	0.106581527
20/05/11	36.05	0.6085	-0.035426048	0.018242629	0.035426048	0.018242629
27/05/11	34.53	0.6277	-0.043078352	0.031065433	0.043078352	0.031065433
03/06/11	34.16	0.6386	-0.010773142	0.017215935	0.010773142	0.017215935
10/06/11	33.96	0.6837	-0.005872007	0.068240945	0.005872007	0.068240945
17/06/11	34.39	0.7206	0.012582463	0.052564973	0.012582463	0.052564973
24/06/11	34.97	0.7206	0.016724727	0	0.016724727	0
01/07/11	36.61	0.7291	0.045830876	0.011726698	0.045830876	0.011726698
08/07/11	38.94	0.7267	0.061700573	-0.003297159	0.061700573	0.003297159
15/07/11	41.32	0.7181	0.059324644	-0.011904903	0.059324644	0.011904903
22/07/11	43.97	0.7275	0.062160939	0.013005164	0.062160939	0.013005164
29/07/11	44.82	0.7329	0.019146885	0.007395268	0.019146885	0.007395268
05/08/11	43.62	0.723	-0.027138708	-0.013600045	0.027138708	0.013600045
12/08/11	42.64	0.7145	-0.022722981	-0.011826225	0.022722981	0.011826225
19/08/11	42.58	0.7598	-0.00140812	0.061472243	0.00140812	0.061472243
26/08/11	42.11	0.7766	-0.011099417	0.021870177	0.011099417	0.021870177
02/09/11	41.22	0.7628	-0.021361667	-0.017929544	0.021361667	0.017929544
09/09/11	39.47	0.734	-0.043382686	-0.038486845	0.043382686	0.038486845
16/09/11	37.7	0.7058	-0.045880795	-0.039177117	0.045880795	0.039177117
23/09/11	34.28	0.6481	-0.095098001	-0.085286906	0.095098001	0.085286906
30/09/11	33.36	0.6439	-0.027204516	-0.006501571	0.027204516	0.006501571
07/10/11	35.23	0.6636	0.054540415	0.030136124	0.054540415	0.030136124
14/10/11	35.99	0.6945	0.02134313	0.045512604	0.02134313	0.045512604
21/10/11	35.66	0.6944	-0.00921151	-0.000143999	0.00921151	0.000143999
28/10/11	37.61	0.7258	0.05324036	0.044226331	0.05324036	0.044226331
04/11/11	36.54	0.7316	-0.028862422	0.007959422	0.028862422	0.007959422
11/11/11	36.96	0.7261	0.011428696	-0.00754617	0.011428696	0.00754617
18/11/11	35.81	0.7225	-0.031609063	-0.004970326	0.031609063	0.004970326
25/11/11	33.95	0.6956	-0.05333833	-0.037942638	0.05333833	0.037942638
02/12/11	35.67	0.6993	0.049421145	0.005305052	0.049421145	0.005305052
09/12/11	35.31	0.7074	-0.010143789	0.011516442	0.010143789	0.011516442
16/12/11	34.2	0.6801	-0.031940566	-0.039356431	0.031940566	0.039356431
23/12/11	33.77	0.6665	-0.01265281	-0.020199707	0.01265281	0.020199707
29/12/11	33.92	0.6406	0.004431977	-0.039634902	0.004431977	0.039634902
06/01/12	33.93	0.6507	0.000294768	0.015643469	0.000294768	0.015643469
13/01/12	34.62	0.6785	0.020131971	0.041835773	0.020131971	0.041835773
20/01/12	34.92	0.6552	0.008628181	-0.034943947	0.008628181	0.034943947
27/01/12	35.41	0.6262	0.013934535	-0.045270724	0.013934535	0.045270724
03/02/12	35.73	0.6217	0.008996406	-0.007212148	0.008996406	0.007212148
10/02/12	34.24	0.6286	-0.042596121	0.011037463	0.042596121	0.011037463
17/02/12	34.1	0.6738	-0.004097167	0.069438207	0.004097167	0.069438207
24/02/12	34.09	0.6828	-0.000293298	0.01326866	0.000293298	0.01326866
02/03/12	33.21	0.6891	-0.026153051	0.009184407	0.026153051	0.009184407
09/03/12	32.25	0.6809	-0.029332992	-0.011970946	0.029332992	0.011970946
16/03/12	31.51	0.6694	-0.023213087	-0.017033664	0.023213087	0.017033664
23/03/12	31.75	0.6664	0.00758777	-0.004491698	0.00758777	0.004491698
30/03/12	31.81	0.6674	0.00188798	0.001499475	0.00188798	0.001499475
05/04/12	31.97	0.6631	0.005017257	-0.006463758	0.005017257	0.006463758
13/04/12	31.15	0.6578	-0.025983718	-0.008024875	0.025983718	0.008024875
20/04/12	29.4	0.6221	-0.057819571	-0.055800082	0.057819571	0.055800082
27/04/12	28.35	0.6061	-0.036367644	-0.026055863	0.036367644	0.026055863
04/05/12	27.89	0.608	-0.016358829	0.003129893	0.016358829	0.003129893
11/05/12	27.84	0.5946	-0.001794366	-0.022285971	0.001794366	0.022285971
18/05/12	27.24	0.5714	-0.021787354	-0.039799421	0.021787354	0.039799421
25/05/12	27.56	0.5436	0.011678965	-0.049875808	0.011678965	0.049875808
01/06/12	27.08	0.5454	-0.017569998	0.003305788	0.017569998	0.003305788
08/06/12	27.03	0.5335	-0.001848088	-0.0220604	0.001848088	0.0220604
15/06/12	26.99	0.526	-0.001480933	-0.014157858	0.001480933	0.014157858
22/06/12	26.75	0.5291	-0.008931954	0.005876237	0.008931954	0.005876237
29/06/12	27.44	0.5223	0.02546733	-0.012935314	0.02546733	0.012935314
06/07/12	26.76	0.5263	-0.025093568	0.007629257	0.025093568	0.007629257
13/07/12	27.16	0.5186	0.014837067	-0.014738519	0.014837067	0.014738519
20/07/12	28.9	0.5213	0.062096292	0.005192819	0.062096292	0.005192819
27/07/12	29.37	0.5208	0.01613215	-0.000959601	0.01613215	0.000959601
03/08/12	29.1	0.5153	-0.009235571	-0.010616836	0.009235571	0.010616836
10/08/12	28.72	0.5109	-0.01314443	-0.008575379	0.01314443	0.008575379
17/08/12	27.36	0.5112	-0.048511651	0.000587027	0.048511651	0.000587027
24/08/12	26.51	0.5137	-0.031560072	0.004878534	0.031560072	0.004878534
31/08/12	26.27	0.5292	-0.009094417	0.029726995	0.009094417	0.029726995
06/09/12	25.41	0.533	-0.033284806	0.007154992	0.033284806	0.007154992
14/09/12	24.75	0.5327	-0.026317308	-0.00056301	0.026317308	0.00056301
21/09/12	24.1	0.5176	-0.026613649	-0.028755671	0.026613649	0.028755671
28/09/12	23.3	0.5119	-0.03375848	-0.01107345	0.03375848	0.01107345
05/10/12	24.11	0.5059	0.034173332	-0.011790272	0.034173332	0.011790272
11/10/12	24.95	0.498	0.03424713	-0.015738944	0.03424713	0.015738944
19/10/12	25.82	0.4954	0.034275563	-0.00523456	0.034275563	0.00523456
26/10/12	25.41	0.4949	-0.016006588	-0.001009795	0.016006588	0.001009795
01/11/12	25.01	0.501	-0.015867052	0.012250379	0.015867052	0.012250379
09/11/12	24.25	0.522	-0.030859128	0.041061487	0.030859128	0.041061487
16/11/12	24.33	0.5379	0.003293539	0.030005081	0.003293539	0.030005081
23/11/12	24.23	0.5349	-0.004118622	-0.005592856	0.004118622	0.005592856
30/11/12	23.25	0.5395	-0.041286403	0.008562971	0.041286403	0.008562971
07/12/12	23.36	0.5433	0.004720026	0.007018869	0.004720026	0.007018869
14/12/12	23.14	0.5435	-0.009462436	0.000368053	0.009462436	0.000368053
21/12/12	23.7	0.5431	0.023912326	-0.000736242	0.023912326	0.000736242
28/12/12	24.58	0.5538	0.036458056	0.019510146	0.036458056	0.019510146
04/01/13	24.2	0.5626	-0.015580471	0.015765285	0.015580471	0.015765285
11/01/13	24.3	0.5623	0.004123717	-0.000533381	0.004123717	0.000533381
18/01/13	23.77	0.5589	-0.022052069	-0.006064949	0.022052069	0.006064949
25/01/13	23.74	0.563	-0.001262892	0.007309062	0.001262892	0.007309062
01/02/13	24.37	0.5838	0.026191478	0.03627883	0.026191478	0.03627883
08/02/13	24.14	0.6048	-0.009482652	0.035339366	0.009482652	0.035339366
15/02/13	24.34	0.6282	0.008250872	0.037960762	0.008250872	0.037960762
22/02/13	24.36	0.6418	0.000821355	0.021418142	0.000821355	0.021418142
01/03/13	24.09	0.6378	-0.011145626	-0.006251974	0.011145626	0.006251974
08/03/13	24.26	0.6398	0.007032087	0.003130873	0.007032087	0.003130873
15/03/13	21.97	0.6262	-0.099151017	-0.021485819	0.099151017	0.021485819
22/03/13	21.16	0.6025	-0.037565279	-0.038582144	0.037565279	0.038582144
28/03/13	21.33	0.597	0.008001925	-0.009170552	0.008001925	0.009170552
05/04/13	21.39	0.603	0.002808991	0.010000083	0.002808991	0.010000083
12/04/13	22.11	0.6494	0.033106472	0.074131663	0.033106472	0.074131663
19/04/13	22.52	0.6498	0.018373808	0.000615764	0.018373808	0.000615764
26/04/13	22.76	0.5854	0.010600806	-0.104369249	0.010600806	0.104369249
03/05/13	22.43	0.5606	-0.014605261	-0.043287736	0.014605261	0.043287736
10/05/13	22.21	0.5693	-0.009856711	0.015399897	0.009856711	0.015399897
17/05/13	21.65	0.5611	-0.025537183	-0.014508393	0.025537183	0.014508393
24/05/13	21.38	0.5319	-0.012549549	-0.053443641	0.012549549	0.053443641
31/05/13	20.73	0.521	-0.030873979	-0.02070546	0.030873979	0.02070546
07/06/13	20.7	0.5228	-0.001448226	0.00344894	0.001448226	0.00344894
14/06/13	20.25	0.5312	-0.021978907	0.015939616	0.021978907	0.015939616
21/06/13	19.79	0.519	-0.022978034	-0.023234715	0.022978034	0.023234715
28/06/13	20.19	0.5262	0.020010673	0.013777485	0.020010673	0.013777485
05/07/13	20	0.5116	-0.009455159	-0.028138299	0.009455159	0.028138299
12/07/13	19.8	0.5014	-0.010050336	-0.020138884	0.010050336	0.020138884
19/07/13	19.64	0.4909	-0.008113635	-0.021163745	0.008113635	0.021163745
26/07/13	19.49	0.4832	-0.007666789	-0.015809794	0.007666789	0.015809794
02/08/13	19.44	0.4773	-0.002568714	-0.012285423	0.002568714	0.012285423
09/08/13	18.84	0.4729	-0.03135053	-0.009261274	0.03135053	0.009261274
16/08/13	18	0.4635	-0.045610511	-0.020077565	0.045610511	0.020077565
23/08/13	18.49	0.4525	0.026858288	-0.024018622	0.026858288	0.024018622
30/08/13	18.46	0.4718	-0.001623816	0.041767404	0.001623816	0.041767404
06/09/13	19.29	0.4823	0.043980598	0.02201116	0.043980598	0.02201116
13/09/13	19.66	0.5001	0.018999288	0.036241751	0.018999288	0.036241751
20/09/13	20.54	0.5129	0.04378809	0.025272816	0.04378809	0.025272816
27/09/13	20.77	0.5276	0.011135433	0.028257526	0.011135433	0.028257526
04/10/13	22.05	0.5308	0.059802964	0.006046882	0.059802964	0.006046882
11/10/13	22.94	0.5346	0.03956951	0.007133501	0.03956951	0.007133501
18/10/13	23.81	0.5386	0.037223549	0.007454377	0.037223549	0.007454377
25/10/13	24.04	0.5333	0.009613449	-0.009889063	0.009613449	0.009889063
01/11/13	23.19	0.5263	-0.035997958	-0.013212725	0.035997958	0.013212725
08/11/13	22.27	0.5103	-0.04048067	-0.030872604	0.04048067	0.030872604
14/11/13	22.5	0.5177	0.010274828	0.014397136	0.010274828	0.014397136
22/11/13	22.7	0.5344	0.008849615	0.031748698	0.008849615	0.031748698
29/11/13	22.1	0.5382	-0.026787316	0.007085616	0.026787316	0.007085616
06/12/13	21.98	0.5439	-0.00544466	0.010535168	0.00544466	0.010535168
13/12/13	21.76	0.5556	-0.010059527	0.021283204	0.010059527	0.021283204
20/12/13	21.24	0.5469	-0.024187226	-0.015782641	0.024187226	0.015782641
27/12/13	21.77	0.5419	0.024646679	-0.009184488	0.024646679	0.009184488
03/01/14	21.58	0.5406	-0.008765915	-0.002401849	0.008765915	0.002401849
10/01/14	21.42	0.5395	-0.007441895	-0.002036849	0.007441895	0.002036849
17/01/14	21.15	0.5471	-0.01268516	0.013988816	0.01268516	0.013988816
24/01/14	20.73	0.5409	-0.020057979	-0.011397182	0.020057979	0.011397182
31/01/14	20.66	0.5306	-0.003382463	-0.019225977	0.003382463	0.019225977
07/02/14	21.06	0.5506	0.019176043	0.037000151	0.019176043	0.037000151
14/02/14	20.79	0.5741	-0.012903405	0.041795004	0.012903405	0.041795004
21/02/14	21.41	0.5944	0.029386001	0.034748896	0.029386001	0.034748896
28/02/14	21.99	0.6146	0.026729702	0.033419156	0.026729702	0.033419156
07/03/14	22.06	0.6171	0.003178209	0.004059436	0.003178209	0.004059436
14/03/14	22.02	0.6066	-0.001814883	-0.01716149	0.001814883	0.01716149
21/03/14	22.34	0.6088	0.014427662	0.003620211	0.014427662	0.003620211
28/03/14	22.97	0.6053	0.027810223	-0.005765604	0.027810223	0.005765604
04/04/14	23.2	0.5752	0.009963262	-0.051006396	0.009963262	0.051006396
11/04/14	23.1	0.5917	-0.004319661	0.028281943	0.004319661	0.028281943
17/04/14	23.11	0.6354	0.000432807	0.071254972	0.000432807	0.071254972
25/04/14	23.21	0.6077	0.004317796	-0.044573383	0.004317796	0.044573383
02/05/14	23.2	0.5639	-0.000430942	-0.074804408	0.000430942	0.074804408
09/05/14	23.34	0.5337	0.006016348	-0.055043047	0.006016348	0.055043047
16/05/14	23.32	0.538	-0.000857265	0.008024677	0.000857265	0.008024677
23/05/14	23.14	0.5427	-0.00774864	0.008698121	0.00774864	0.008698121
30/05/14	22.76	0.5348	-0.016558113	-0.014663836	0.016558113	0.014663836
06/06/14	22.32	0.5319	-0.019521472	-0.005437343	0.019521472	0.005437343
13/06/14	22.24	0.5449	-0.003590668	0.02414679	0.003590668	0.02414679
20/06/14	22.07	0.5458	-0.007673249	0.001650317	0.007673249	0.001650317
27/06/14	22.3	0.5545	0.010367458	0.015814199	0.010367458	0.015814199
04/07/14	21.79	0.5591	-0.02313553	0.008261541	0.02313553	0.008261541
11/07/14	21.48	0.5597	-0.014328879	0.001072578	0.014328879	0.001072578
18/07/14	20.93	0.5548	-0.025938733	-0.008793237	0.025938733	0.008793237
25/07/14	20.73	0.5429	-0.00960161	-0.021682548	0.00960161	0.021682548
01/08/14	20.36	0.5358	-0.018009735	-0.013164184	0.018009735	0.013164184
08/08/14	19.87	0.5282	-0.024361135	-0.014285957	0.024361135	0.014285957
15/08/14	20.15	0.5272	0.013993232	-0.001895017	0.013993232	0.001895017
22/08/14	19.9	0.537	-0.012484557	0.018418111	0.012484557	0.018418111
29/08/14	20.12	0.5459	0.010994614	0.016437714	0.010994614	0.016437714
05/09/14	20.08	0.5494	-0.00199005	0.006390965	0.00199005	0.006390965
12/09/14	18.99	0.5321	-0.05581177	-0.031995332	0.05581177	0.031995332
19/09/14	18.68	0.5108	-0.016459092	-0.040853317	0.016459092	0.040853317
26/09/14	18.57	0.4855	-0.005906057	-0.050798836	0.005906057	0.050798836
03/10/14	18.63	0.464	0.003225809	-0.045294736	0.003225809	0.045294736
10/10/14	19.35	0.4739	0.037919235	0.021111777	0.037919235	0.021111777
17/10/14	19.62	0.4713	0.013857035	-0.005501495	0.013857035	0.005501495
24/10/14	19.75	0.458	0.006604037	-0.02862565	0.006604037	0.02862565
31/10/14	19.86	0.4578	0.005554167	-0.000436777	0.005554167	0.000436777
07/11/14	19.57	0.4688	-0.014709877	0.023743831	0.014709877	0.023743831
14/11/14	19.55	0.4751	-0.001022495	0.01334907	0.001022495	0.01334907
21/11/14	20.6	0.4763	0.052315789	0.0025226	0.052315789	0.0025226
28/11/14	20.26	0.486	-0.016642577	0.020160716	0.016642577	0.020160716
05/12/14	20.16	0.4912	-0.004948056	0.010642753	0.004948056	0.010642753
12/12/14	19.58	0.482	-0.029191806	-0.018907263	0.029191806	0.018907263
19/12/14	19.62	0.4709	0.002040817	-0.023298357	0.002040817	0.023298357
26/12/14	19.35	0.477	-0.013857035	0.012870734	0.013857035	0.012870734
02/01/15	19.33	0.4771	-0.001034126	0.000209622	0.001034126	0.000209622
09/01/15	19.37	0.4775	0.002067184	0.000838047	0.002067184	0.000838047
16/01/15	19.37	0.4862	0	0.018055902	0	0.018055902
23/01/15	19.78	0.5223	0.020945849	0.071622074	0.020945849	0.071622074
30/01/15	18.99	0.5325	-0.040758801	0.019340762	0.040758801	0.019340762
06/02/15	18.03	0.5176	-0.051875488	-0.028380154	0.051875488	0.028380154
13/02/15	17.7	0.4922	-0.018472398	-0.050317605	0.018472398	0.050317605
20/02/15	17.41	0.4844	-0.016519886	-0.015974126	0.016519886	0.015974126
27/02/15	17.48	0.4603	0.004012616	-0.051032561	0.004012616	0.051032561
06/03/15	16.56	0.4319	-0.054067221	-0.063684371	0.054067221	0.063684371
13/03/15	15.72	0.4041	-0.052056362	-0.066531708	0.052056362	0.066531708
20/03/15	15.84	0.3754	0.007604599	-0.073670248	0.007604599	0.073670248
27/03/15	15.81	0.3989	-0.001895735	0.060718635	0.001895735	0.060718635
02/04/15	16.53	0.3959	0.044534261	-0.007549105	0.044534261	0.007549105
10/04/15	16.71	0.4065	0.010830431	0.026422275	0.010830431	0.026422275
17/04/15	16.82	0.4133	0.006561312	0.016589793	0.006561312	0.016589793
24/04/15	17.49	0.4245	0.039060634	0.026738284	0.039060634	0.026738284
30/04/15	17.09	0.4268	-0.023135792	0.005403514	0.023135792	0.005403514
08/05/15	17.14	0.4048	0.002921416	-0.052922401	0.002921416	0.052922401
15/05/15	17.22	0.4082	0.004656586	0.008364132	0.004656586	0.008364132
22/05/15	16.54	0.4025	-0.040289809	-0.014062154	0.040289809	0.014062154
29/05/15	15.71	0.3832	-0.051484237	-0.049138051	0.051484237	0.049138051
05/06/15	16.01	0.3937	0.018916075	0.027032152	0.018916075	0.027032152
12/06/15	16.02	0.3943	0.000624415	0.001522843	0.000624415	0.001522843
19/06/15	15.45	0.3951	-0.036228938	0.002026857	0.036228938	0.002026857
26/06/15	15.24	0.3833	-0.013685453	-0.030320925	0.013685453	0.030320925
03/07/15	15.16	0.3788	-0.00526317	-0.011809611	0.00526317	0.011809611
10/07/15	15.2	0.3856	0.002635048	0.017792201	0.002635048	0.017792201
17/07/15	15.18	0.3846	-0.001316656	-0.00259673	0.001316656	0.00259673
24/07/15	14.22	0.3673	-0.065329348	-0.04602488	0.065329348	0.04602488
31/07/15	13.86	0.3498	-0.025642431	-0.04881739	0.025642431	0.04881739
07/08/15	13.3	0.3381	-0.041242959	-0.034019853	0.041242959	0.034019853
14/08/15	13.47	0.3373	0.012700955	-0.002368968	0.012700955	0.002368968
21/08/15	13.45	0.335	-0.001485884	-0.00684221	0.001485884	0.00684221
28/08/15	13.19	0.3287	-0.019520139	-0.018985051	0.019520139	0.018985051
04/09/15	12.57	0.3183	-0.048145944	-0.032151146	0.048145944	0.032151146
11/09/15	13	0.3275	0.033636335	0.028493721	0.033636335	0.028493721
18/09/15	13.13	0.3362	0.009950331	0.026218166	0.009950331	0.026218166
25/09/15	13.43	0.3222	0.022591322	-0.04253375	0.022591322	0.04253375
02/10/15	14.26	0.3641	0.059967404	0.122256084	0.059967404	0.122256084
09/10/15	16.37	0.3964	0.137991976	0.084995247	0.137991976	0.084995247
16/10/15	17.01	0.399	0.038351015	0.006537614	0.038351015	0.006537614
23/10/15	17.91	0.3952	0.05155781	-0.009569451	0.05155781	0.009569451
30/10/15	19.01	0.4159	0.05960594	0.051052881	0.05960594	0.051052881
06/11/15	19.82	0.4506	0.041726372	0.080135181	0.041726372	0.080135181
13/11/15	19.99	0.4596	0.00854062	0.019776518	0.00854062	0.019776518
27/11/15	20.57	0.4588	0.028601555	-0.001742161	0.028601555	0.001742161
04/12/15	21.22	0.4449	0.03111043	-0.030764847	0.03111043	0.030764847
11/12/15	20.74	0.4476	-0.02287993	0.006050439	0.02287993	0.006050439
18/12/15	20.7	0.4385	-0.001930503	-0.020540165	0.001930503	0.020540165
23/12/15	20.69	0.4272	-0.000483209	-0.026107524	0.000483209	0.026107524
30/12/15	20.75	0.4423	0.002895755	0.034736097	0.002895755	0.034736097
08/01/16	20.56	0.4437	-0.009198806	0.003160274	0.009198806	0.003160274
15/01/16	20.86	0.4621	0.014486009	0.040632659	0.014486009	0.040632659
22/01/16	20.57	0.4514	-0.013999746	-0.023427453	0.013999746	0.023427453
29/01/16	20.71	0.4558	0.006782972	0.009700252	0.006782972	0.009700252
05/02/16	21.03	0.4808	0.015333314	0.053397266	0.015333314	0.053397266
12/02/16	20.42	0.4795	-0.029435177	-0.002707489	0.029435177	0.002707489
19/02/16	20	0.4781	-0.020782539	-0.002923979	0.020782539	0.002923979
26/02/16	19.99	0.4897	-0.000500125	0.023973043	0.000500125	0.023973043
04/03/16	20.81	0.5028	0.040201492	0.026399518	0.040201492	0.026399518
11/03/16	21.59	0.5282	0.036796604	0.049282523	0.036796604	0.049282523
18/03/16	21.25	0.5257	-0.015873349	-0.004744292	0.015873349	0.004744292
24/03/16	20.82	0.5059	-0.020442832	-0.038391687	0.020442832	0.038391687
01/04/16	21.47	0.4584	0.030742549	-0.098596856	0.030742549	0.098596856
08/04/16	21.12	0.3934	-0.016436153	-0.152915259	0.016436153	0.152915259
15/04/16	21.59	0.3913	0.022009786	-0.005352377	0.022009786	0.005352377
22/04/16	21.23	0.3853	-0.016814969	-0.015452278	0.016814969	0.015452278
29/04/16	21.86	0.3837	0.029243207	-0.004161254	0.029243207	0.004161254
06/05/16	21.53	0.3791	-0.015211171	-0.012060975	0.015211171	0.012060975
13/05/16	21.27	0.3942	-0.012149682	0.039058372	0.012149682	0.039058372
20/05/16	21.48	0.3999	0.00982464	0.014356121	0.00982464	0.014356121
27/05/16	21.18	0.4114	-0.014064929	0.028351461	0.014064929	0.028351461
03/06/16	22.4	0.4284	0.056003619	0.040491361	0.056003619	0.040491361
10/06/16	24.09	0.448	0.072735858	0.044735894	0.072735858	0.044735894
17/06/16	24.92	0.4255	0.033873877	-0.051528284	0.033873877	0.051528284
24/06/16	25.91	0.4301	0.038958301	0.010752792	0.038958301	0.010752792
01/07/16	27.21	0.442	0.048955558	0.027292142	0.048955558	0.027292142
08/07/16	26.46	0.436	-0.027950394	-0.013667639	0.027950394	0.013667639
15/07/16	26.57	0.4476	0.004148601	0.026257733	0.004148601	0.026257733
22/07/16	26.62	0.4721	0.001880053	0.053290851	0.001880053	0.053290851
29/07/16	26.51	0.4764	-0.004140793	0.00906701	0.004140793	0.00906701
05/08/16	27.07	0.4869	0.020904083	0.021800926	0.020904083	0.021800926
12/08/16	26.96	0.498	-0.004071818	0.022541314	0.004071818	0.022541314
19/08/16	26.66	0.4857	-0.011189971	-0.025008928	0.011189971	0.025008928
26/08/16	26.53	0.4788	-0.004888147	-0.014308176	0.004888147	0.014308176
02/09/16	26.39	0.4818	-0.005291018	0.006246116	0.005291018	0.006246116
09/09/16	26.36	0.4941	-0.001137441	0.025208836	0.001137441	0.025208836
16/09/16	26.29	0.4921	-0.002659071	-0.004055978	0.002659071	0.004055978
23/09/16	27.39	0.5221	0.040989345	0.059177193	0.040989345	0.059177193
30/09/16	29.13	0.5337	0.061590588	0.021974743	0.061590588	0.021974743
07/10/16	30.01	0.5462	0.029762088	0.023151326	0.029762088	0.023151326
14/10/16	30.47	0.5912	0.015211934	0.079169161	0.015211934	0.079169161
21/10/16	31.03	0.601	0.018211885	0.016440565	0.018211885	0.016440565
28/10/16	31.57	0.6045	0.017252824	0.005806736	0.017252824	0.005806736
04/11/16	31.23	0.5888	-0.010828131	-0.026315103	0.010828131	0.026315103
11/11/16	29.36	0.5747	-0.061745968	-0.024238402	0.061745968	0.024238402
18/11/16	28.95	0.5484	-0.014063	-0.046843218	0.014063	0.046843218
25/11/16	27.85	0.5426	-0.038737238	-0.010632547	0.038737238	0.010632547
02/12/16	27.23	0.5349	-0.02251366	-0.014292587	0.02251366	0.014292587
09/12/16	27.56	0.5573	0.012046139	0.041023881	0.012046139	0.041023881
16/12/16	27.12	0.5613	-0.016093983	0.007151827	0.016093983	0.007151827
23/12/16	27.76	0.562	0.023324673	0.001246328	0.023324673	0.001246328
29/12/16	27.82	0.5693	0.002159051	0.012905686	0.002159051	0.012905686
06/01/17	27.68	0.5737	-0.005045056	0.007699076	0.005045056	0.007699076
13/01/17	27.62	0.5786	-0.002169983	0.008504781	0.002169983	0.008504781
20/01/17	27.49	0.5659	-0.004717846	-0.022194008	0.004717846	0.022194008
27/01/17	27.19	0.561	-0.010973044	-0.008696479	0.010973044	0.008696479
03/02/17	27.11	0.5562	-0.002946595	-0.008592964	0.002946595	0.008592964
10/02/17	26.89	0.5504	-0.008148193	-0.010482655	0.008148193	0.010482655
17/02/17	26.75	0.5394	-0.005219997	-0.020187876	0.005219997	0.020187876
24/02/17	26.16	0.5141	-0.022302947	-0.048039612	0.022302947	0.048039612
03/03/17	25.8	0.5022	-0.013857035	-0.023419352	0.013857035	0.023419352
10/03/17	24.96	0.4799	-0.033099948	-0.045420698	0.033099948	0.045420698
17/03/17	24.85	0.487	-0.004416791	0.014686374	0.004416791	0.014686374
24/03/17	24.56	0.4948	-0.011738649	0.015889517	0.011738649	0.015889517
31/03/17	23.66	0.4741	-0.037333245	-0.042735371	0.037333245	0.042735371
07/04/17	23.32	0.4599	-0.014474497	-0.030409195	0.014474497	0.030409195
13/04/17	23.46	0.4685	0.005985482	0.018527027	0.005985482	0.018527027
20/04/17	23.42	0.4785	-0.001706485	0.021120109	0.001706485	0.021120109
28/04/17	24.12	0.4737	0.029451014	-0.010082001	0.029451014	0.010082001
05/05/17	24.11	0.4607	-0.00041468	-0.027827138	0.00041468	0.027827138
12/05/17	24.42	0.4485	0.012775776	-0.02683839	0.012775776	0.02683839
19/05/17	23.47	0.4343	-0.039679459	-0.032173142	0.039679459	0.032173142
